0.0 0.0 4.24777960769
-0.210754307021 -0.966913712256 4.74777960769
0.0678545155762 -1.91650132214 5.24777960769
0.76655426332 -2.61794105026 5.70330570264
1.60308288677 -3.16586427677 5.70330570264
2.43961151022 -3.71378750328 5.70330570264
3.27614013367 -4.26171072979 5.70330570264
4.1206292188 -4.79630371295 5.82793694914
5.0 -5.0 0.0
5.95885107721 -4.75516512378 0.5
6.79873192522 -4.21266980169 0.579879604536
7.63526054867 -3.66474657517 0.579879604536
8.47178917212 -3.11682334866 0.579879604536
9.3083177533 -2.56890005763 0.580157341444
9.97607058371 -1.83852641191 1.08015734144
10.2119190448 -0.877425476389 1.58015734144
10.0 0.0 2.03540569949
9.78924569298 0.966913712256 1.53540569949
10.0678545156 1.91650132214 1.03540569949
10.7665542633 2.61794105026 0.579879604536
11.6030828868 3.16586427677 0.579879604536
12.4396115102 3.71378750328 0.579879604536
13.2761401337 4.26171072979 0.579879604536
14.1206292188 4.79630371295 0.455248358041
15.0 5.0 0.0
15.9588510772 4.75516512378 5.78318530718
16.7987319252 4.21266980169 5.70330570264
17.6352605487 3.66474657517 5.70330570264
18.4717891721 3.11682334866 5.70330570264
19.3083177533 2.56890005763 5.70302796574
19.9760705837 1.83852641191 5.20302796574
20.2119190448 0.877425476389 4.70302796574
20.0 0.0 4.24777960769
19.789245693 -0.966913712256 4.74777960769
20.0678545156 -1.91650132214 5.24777960769
20.7665542633 -2.61794105026 5.70330570264
21.6030828868 -3.16586427677 5.70330570264
22.4396115102 -3.71378750328 5.70330570264
23.2761401337 -4.26171072979 5.70330570264
24.1206292188 -4.79630371295 5.82793694914
25.0 -5.0 0.0
25.9588510772 -4.75516512378 0.5
26.7987319252 -4.21266980169 0.579879604536
27.6352605487 -3.66474657517 0.579879604536
28.4717891721 -3.11682334866 0.579879604536
29.3083177533 -2.56890005763 0.580157341444
29.9760705837 -1.83852641191 1.08015734144
30.2119190448 -0.877425476389 1.58015734144
30.0 0.0 2.03540569949
29.4053424523 0.800874232031 2.25975549859
28.7696083494 1.572782355 2.25975549859
28.1338742464 2.34469047798 2.25975549859
27.4981401434 3.11659860095 2.25975549859
26.8624060404 3.88850672393 2.25975549859
26.1813138054 4.61617494025 2.51169228539
25.2622560076 4.9831521455 3.01169228539
25.0 5.0 3.14318530718
24.0415400759 4.75363831733 3.64318530718
23.306923114 4.08673917639 4.02245632588
22.6704378732 3.31545029523 4.02245632588
22.0339526324 2.54416141407 4.02245632588
21.3974673915 1.77287253291 4.02245632588
20.7609821507 1.00158365175 4.02245632588
20.1316327611 0.22477634904 4.11744568875
20.0 0.0 4.24777960769
19.4049290809 -0.80053344671 4.02245632588
18.76844384 -1.57182232787 4.02245632588
18.1319585992 -2.34311120903 4.02245632588
17.4954733584 -3.11440009019 4.02245632588
16.8589881175 -3.88568897135 4.02245632588
16.1782154686 -4.61378449522 3.77351922612
15.2599031277 -4.98262314477 3.27351922612
15.0 -5.0 3.14318530718
14.0407602019 -4.75669255126 2.64318530718
13.3047831561 -4.0915077872 2.25975549859
12.6690490531 -3.31959966423 2.25975549859
12.0333149501 -2.54769154125 2.25975549859
11.3975808471 -1.77578341828 2.25975549859
10.7618467442 -1.00387529531 2.25975549859
10.1329331392 -0.226695487874 2.16689872128
10.0 0.0 2.03540569949
9.40534245235 0.800874232031 2.25975549859
8.76960834937 1.572782355 2.25975549859
8.13387424639 2.34469047798 2.25975549859
7.49814014342 3.11659860095 2.25975549859
6.86240604044 3.88850672393 2.25975549859
6.18131380541 4.61617494025 2.51169228539
5.2622560076 4.9831521455 3.01169228539
5.0 5.0 3.14318530718
4.04154007586 4.75363831733 3.64318530718
3.30442759376 4.08882597112 4.00966168006
2.65812635066 3.32574360127 4.00966168006
2.01182510757 2.56266123143 4.00966168006
1.36552386447 1.79957886158 4.00966168006
0.71922262137 1.03649649173 4.00966168006
0.089862286985 0.260427881141 4.15580653995
