-1.0 -8.0 0.0
0.0 -8.0 0.0
1.0 -8.0 0.0
2.0 -8.0 0.0
3.0 -8.0 0.0
4.0 -8.0 0.0
5.0 -8.0 0.0
6.0 -8.0 0.0
7.0 -8.0 0.0
8.0 -8.0 0.0
9.0 -8.0 0.0
9.95885107721 -7.75516512378 0.5
10.6829419696 -7.08060461174 1.0
10.9949899732 -6.14147440334 1.5
10.9993170623 -5.14159292543 1.57159265258
10.9985207366 -4.14159324249 1.57159265258
10.9977244109 -3.14159355956 1.57159265258
10.9969280852 -2.14159387663 1.57159265258
10.8154111312 -1.16770725007 1.99999809759
10.1937620306 -0.39771250944 2.49999809759
9.27905847703 -0.0200130071934 2.99999809759
9.0 0.0 3.14
8.00000000135 2.03052971583e-06 3.14159316122
7.00000000135 1.52289728786e-06 3.14159316122
6.00000000135 1.01526485989e-06 3.14159316122
5.00000000135 5.07632431918e-07 3.14159316122
4.00000000135 3.9479625454e-15 3.14159316122
3.00000000135 -5.07632424022e-07 3.14159316122
2.00000000135 -1.01526485199e-06 3.14159316122
1.00000000135 -1.52289727996e-06 3.14159316122
1.34777167204e-09 -2.03052970793e-06 3.14159316122
-0.999999997305 -4.28492797529e-12 3.14000000135
-1.0 0.0 3.14
-1.9592397981 -0.243307448737 3.64
-2.68440411293 -0.916713879784 4.14
-2.99794742923 -1.85534591295 4.64
-3.00182577394 -2.85521842073 4.71398162993
-3.00023312507 -3.85521715246 4.71398162993
-2.81992020592 -4.82939161082 5.13999746346
-2.19949871701 -5.60037583957 5.63999746346
-1.2853981082 -5.97953224774 6.13999746346
-1.0 -6.0 0.0
0.0 -6.0 0.0
1.0 -6.0 0.0
2.0 -6.0 0.0
3.0 -6.0 0.0
4.0 -6.0 0.0
5.0 -6.0 0.0
6.0 -6.0 0.0
7.0 -6.0 0.0
7.95938147412 -5.75724941624 0.4978243949
8.68493822901 -5.08426583522 0.9978243949
8.99902866896 -4.14581674208 1.4978243949
8.82475249999 -3.17166720438 1.9978243949
8.20477860635 -2.4003230036 2.4978243949
7.29089821956 -2.02063610165 2.9978243949
7.0 -2.0 3.14
6.00000000135 -1.99999818653 3.14159337898
5.00000000135 -1.99999891192 3.14159337898
4.00000000135 -1.99999963731 3.14159337898
3.00000000135 -2.00000036269 3.14159337898
2.00000000135 -2.00000108808 3.14159337898
1.00000000135 -2.00000181347 3.14159337898
2.69506195139e-09 -2.0 3.14000000135
