0.0 0.0 0.0
1.0 0.0 0.0
2.0 0.0 0.0
3.0 0.0 0.0
4.0 0.0 0.0
5.0 0.0 0.0
6.0 0.0 0.0
7.0 0.0 0.0
8.0 0.0 0.0
9.0 0.0 0.0
10.0 0.0 0.0
10.9588510772 -0.244834876219 5.78318530718
11.9148221998 -0.500747154645 6.27155326335
12.8764562751 -0.267081988107 0.488367956165
13.6083445222 0.399010421869 0.988367956165
13.9312951727 1.33444742254 1.48836795617
13.7662386441 2.31020141163 1.98836795617
13.1535865311 3.087373782 2.48836795617
12.2433374379 3.47568563256 2.98836795617
11.2583520887 3.38006467943 3.48836795617
10.3278158024 3.02651955866 3.30462921955
10.0 3.0 3.14
9.00000000135 3.00000203053 3.14159316122
8.00000000135 3.0000015229 3.14159316122
7.00000000135 3.00000101526 3.14159316122
6.00000000135 3.00000050763 3.14159316122
5.00000000135 3.0 3.14159316122
4.00000000135 2.99999949237 3.14159316122
3.00000000135 2.99999898474 3.14159316122
2.00000000135 2.9999984771 3.14159316122
1.00000000135 2.99999796947 3.14159316122
2.69450950441e-09 3.0 3.14000000135
0.0 3.0 3.14
-0.959239798104 2.75669255126 3.64
-1.91527721304 2.50101251928 3.15299717572
-2.87685809957 2.73489647239 2.65299717572
-3.60859477725 3.40115538559 2.15299717572
-3.93133258717 4.33666584033 1.65299717572
-3.76605405759 5.31238225022 1.15299717572
-3.15322513683 6.08941520883 0.652997175718
-2.24288771786 6.47751994791 0.152997175718
-1.25792414996 6.38167489171 5.9361824829
-0.327773150139 6.02704162182 6.11855608763
0.0 6.0 0.0
1.0 6.0 0.0
2.0 6.0 0.0
3.0 6.0 0.0
4.0 6.0 0.0
5.0 6.0 0.0
6.0 6.0 0.0
7.0 6.0 0.0
8.0 6.0 0.0
9.0 6.0 0.0
10.0 6.0 0.0
10.9588510772 5.75516512378 5.78318530718
11.9148221998 5.49925284536 6.27155326335
12.8764562751 5.73291801189 0.488367956165
13.6083445222 6.39901042187 0.988367956165
13.9312951727 7.33444742254 1.48836795617
13.7662386441 8.31020141163 1.98836795617
13.1535865311 9.087373782 2.48836795617
12.2433374379 9.47568563256 2.98836795617
11.2583520887 9.38006467943 3.48836795617
10.3278158024 9.02651955866 3.30462921955
10.0 9.0 3.14
9.00000000135 9.00000203053 3.14159316122
8.00000000135 9.0000015229 3.14159316122
7.00000000135 9.00000101526 3.14159316122
6.00000000135 9.00000050763 3.14159316122
5.00000000135 9.0 3.14159316122
4.00000000135 8.99999949237 3.14159316122
3.00000000135 8.99999898474 3.14159316122
2.00000000135 8.9999984771 3.14159316122
1.00000000135 8.99999796947 3.14159316122
2.69450950441e-09 9.0 3.14000000135
0.0 9.0 3.14
-0.959239798104 8.75669255126 3.64
-1.91527721304 8.50101251928 3.15299717572
-2.87685809957 8.73489647239 2.65299717572
-3.60859477725 9.40115538559 2.15299717572
-3.93133258717 10.3366658403 1.65299717572
-3.76605405759 11.3123822502 1.15299717572
-3.15322513683 12.0894152088 0.652997175718
-2.24288771786 12.4775199479 0.152997175718
-1.25792414996 12.3816748917 5.9361824829
-0.327773150139 12.0270416218 6.11855608763
0.0 12.0 0.0
1.0 12.0 0.0
2.0 12.0 0.0
3.0 12.0 0.0
4.0 12.0 0.0
5.0 12.0 0.0
6.0 12.0 0.0
7.0 12.0 0.0
8.0 12.0 0.0
9.0 12.0 0.0
10.0 12.0 0.0
10.9588510772 11.7551651238 5.78318530718
11.9148221998 11.4992528454 6.27155326335
12.8764562751 11.7329180119 0.488367956165
13.6083445222 12.3990104219 0.988367956165
13.9312951727 13.3344474225 1.48836795617
13.7662386441 14.3102014116 1.98836795617
13.1535865311 15.087373782 2.48836795617
12.2433374379 15.4756856326 2.98836795617
11.2583520887 15.3800646794 3.48836795617
10.3278158024 15.0265195587 3.30462921955
10.0 15.0 3.14
9.00000000135 15.0000020305 3.14159316122
8.00000000135 15.0000015229 3.14159316122
7.00000000135 15.0000010153 3.14159316122
6.00000000135 15.0000005076 3.14159316122
5.00000000135 15.0 3.14159316122
4.00000000135 14.9999994924 3.14159316122
3.00000000135 14.9999989847 3.14159316122
2.00000000135 14.9999984771 3.14159316122
1.00000000135 14.9999979695 3.14159316122
2.69450950441e-09 15.0 3.14000000135
0.0 15.0 3.14
-0.959239798104 14.7566925513 3.64
-1.68440411293 14.0832861202 4.14
-1.99794742923 13.1446540871 4.64
-2.00045386123 12.1447848701 4.7155948459
-2.0 12.0 4.71238530718
-2.00000000001 11.0 4.71238898039
-2.00000000001 10.0 4.71238898039
-2.0 9.0 4.71238898039
-2.0 8.0 4.71238898039
-2.0 7.0 4.71238898039
-1.99999999999 6.0 4.71238898039
-1.99999999999 5.0 4.71238898039
-2.0 4.0 4.71238530718
-2.00000000001 3.0 4.71238898039
-2.0 2.0 4.71238898039
-1.80089420471 1.03006893178 5.16238898038
-1.16336617893 0.273168990421 5.66238898038
-0.241005538735 -0.0854259820752 6.16238898038
